%YAML:1.0
---
camera_matrix: !!opencv-matrix
   rows: 3
   cols: 3
   dt: d
   data: [ 3.0434907840374234e+02, 0., 4.8133979392511606e+02, 0.,
       3.2477726176795460e+02, 3.1646476882040702e+02, 0., 0., 1. ]
dist_coeffs: !!opencv-matrix
   rows: 4
   cols: 1
   dt: d
   data: [ -4.1568299226312187e-02, 3.1480645089822291e-03,
       -2.3982702848139551e-03, 2.3821781880039081e-05 ]
resolution: !!opencv-matrix
   rows: 2
   cols: 1
   dt: i
   data: [ 960, 640 ]
scale_xy: !!opencv-matrix
   rows: 2
   cols: 1
   dt: d
   data: [ 1., 1. ]
shift_xy: !!opencv-matrix
   rows: 2
   cols: 1
   dt: d
   data: [ 0., 0. ]
project_matrix: !!opencv-matrix
   rows: 3
   cols: 3
   dt: d
   data: [ -2.3395835041166855e+00, -1.2784708123407436e+01,
       1.9005050442673564e+03, 3.3797308948862659e-01,
       -1.4615793734352550e+01, 1.9158355592322707e+03,
       7.6683087020025021e-04, -2.1306660026989790e-02, 1. ]
